------------------------------------------------
Created Matrix for 4 ranks:
   0  20   1  11   4   0   9   7   1   6   0  18  12   0   3   3   7   5   0  18  11  18   4   0   9  12   1  18  10  15  10   5   0  12   0   2  12  12  15   0  15   0   7  12   4  12   0  19   8  15   0   6   0   7   2  10   4  16   3   1   7   5   3  15
  20   0   2   3   0  18   1  16  11   2  12   0  12   0  14  18   4  13   0  16   0  11   9   7   5   0  15  17   0  13  18  10   0  19   0  12  16  11  15  13   0  20   0   8  19   4   0   6   0  16   0   9  11   4  17   0  15  11   0  14  11   1  10  14
   1   2   0  12   0  11   0   4   0  15   0   1  13   5   0  19   0   5  16   5   5   0   1  19   2   1   6  11  13   0   9   1   0   7   0   3   8   8   2  14   8  17   4  17   6   2  15  18  16   1   0  18   0   6   6   6   0  17   9   0  16   2   6  13
  11   3  12   0  12   3   7   4   2  19   0   2  12   0  11   3   0  19  15   1  15   7  10   0  19   8   3  10   8  11   0  14  13  13   0   8  14   0   2  14   0  16   2   2   0  17   0   1   3   0   7  10   7   9  16   2   0  12   0   7   5   8   0  12
   4   0   0  12   0  15  16  18  11   8   8   4   0   5  16   0   2  16  19   0  17   0   1   0   4   9  15   0  16   0   6   8   0   7  14  19   2   0  20  12   0  13   0   2  10   0   4  16   7   0  15   2   0  15  10  13   0  19   0  11   0  18  11   0
   0  18  11   3  15   0   7   0  12  14   9  15   0   7   0  16   0   9  18  15  16  18   0   7   9   1  14  18  18   0  14   4  12   0   8   9   0   4   0  10  17   7   0   8   0   6  18   0  12   0   9   0  20   8   0  14  12  13   0  15   0   4  16   0
   9   1   0   7  16   7   0  17  17  19  14  14   7   5  13   3  10  12  14  11  11  11  13   7  10   0   6  19   4  15  18   6   0   2   8  19   1   0   2   0   1   2  10  11  18   0   2  14  14   3   0  18   0   9   6  13   0  15  11   9   0   9  16   0
   7  16   4   4  18   0  17   0   7   6   0  15   0  11   6  18   3   0  17   0   1   3   0  14   0  11   0  10  19   9   9  11   0  11  12   0   1   0  13  15  13   8   0  18   4   0  17   7  17   0   9   5   0  18  16   0   6   0  20   0  18   0  15  17
   1  11   0   2  11  12  17   7   0  13  13  12   6   5  10   9   3   0   5   7   4   4  11  18   8   1  12   0  10   7   8  19  12  16   0  11  16   0  16  12   5  11   0  18   7   0  17   0   7   6   0  15  14   0  12   3   3   9   0   2   9   5  16   0
   6   2  15  19   8  14  19   6  13   0  15   0  14   4   4  15   0   3   3  19   0  17   0  18   9  14   0  16  17  14   0  16   4  10   0  17  10   7  14  17  11  15   1  14   0   2   4  13  12  18   3  19   8  18  15   6   0  17   5   0  10   0   3   5
   0  12   0   0   8   9  14   0  13  15   0   8  19  16   9   0  11   3   0  14  17  15   4   3  14   0  20   0  13   0   7   9   0  17  16  11  10  19   6   8   2   0  19   0  10   0   3   0   9   9  16   0  12  10  13   0  12   0  14   0   3  18  15   4
  18   0   1   2   4  15  14  15  12   0   8   0  20   6  19   3   0  13  18   0   1  19   4  10   0  14  11   7  17   0  10  15  16   1  15   1   7  15   0   2  13  10  14   0  12  17   4   0  17  10  17   6   6   9   0  20   1  12   3   0   3   0  12   0
  12  12  13  12   0   0   7   0   6  14  19  20   0   9   0   5  11   0   7   4   7   0  15   1  15   3   7   7  13   0   5   0   1   0   9   0  15   3  13   5   3  15   3   2  14   0   2  13  17  19   6  17  12   9   9   4  14  18   5   0   5  12   3  14
   0   0   5   0   5   7   5  11   5   4  16   6   9   0  11  15   0  18  17   1   0   3   0   6   5   3  12   0  10   5  12  15   1   1  17   0  13  16   0  13   5   9  18   3   0   5   1   0   6  16   8  11  19   5   2   0  11   9   0  19   0  14   0  19
   3  14   0  11  16   0  13   6  10   4   9  19   0  11   0  13   9  16   3   0   7   3  12   7   7   7   0  10  12   0  19   0  17   6  15   8   9  14  18   0  18   7   0  10  12   0   7  10   5   5  11   9  16  16  14   0  16   1   0   6  17  17   7  17
   3  18  19   3   0  16   3  18   9  15   0   3   5  15  13   0  19   2   4   6  16   0   2   2   0  11   0  16   2  12   6   2  14  15  13   0   2   4   0  18   7   3  14   3   0   1  12  18   0  20   2   4   6   0  11   9   6   0  14  15   6   6   9   2
   7   4   0   0   2   0  10   3   3   0  11   0  11   0   9  19   0  18   7  13   8   0  16   0  15  18   0   8   3   0   9  18   0  11  17  13   9   0  20   9   0  12  15   0   2  18   4   3  11  16   9   7  12  12   0   3  16   0   2  17   3  16   5  16
   5  13   5  19  16   9  12   0   0   3   3  13   0  18  16   2  18   0   9  19   0   5   3  15   0  11   0  14   8   0  17   4  19   0   5   0  14   5   7   7   5   0   9   7   8   0  10   3  17   0   7   0  11   0  16  18   0   8   6   2  17   0   4   0
   0   0  16  15  19  18  14  17   5   3   0  18   7  17   3   4   7   9   0  12  12  12  11  18  17  11  11   1   0  19   6   0  17  14   8  18   1   0   6  11   0  17   6  19   0  10   2   0  13   0   1  13   9   2   4  18  10   8   0  13  18   2   7   1
  18  16   5   1   0  15  11   0   7  19  14   0   4   1   0   6  13  19  12   0  19   2  17   6   9   5  13   0  20  10   0   9   0   7  10   6   5  19   1  12  11   1   0   5   1   0   4   2  11   2   0  18  19  14   1  12   0  10   8   0  10   5   2   2
  11   0   5  15  17  16  11   1   4   0  17   1   7   0   7  16   8   0  12  19   0   9  13   0  14   0  11   4   5  15   7   8   0   9   0  11  12   4   3  14  12   5   1  19   0   5   7   4   3   8   8  19   0  15   0  10  12   1  10   2   0  12   0  20
  18  11   0   7   0  18  11   3   4  17  15  19   0   3   3   0   0   5  12   2   9   0  10   0  13   0  16   0  15  10   0  18  14   9   6   0  14   9   0   5   5  13  15  18  12  19   0  17   0  12   2   0   1  12   5   7  13   7  16   0  16   0   6  11
   4   9   1  10   1   0  13   0  11   0   4   4  15   0  12   2  16   3  11  17  13  10   0   6   1   2   0  20   0  20  17   4  12   3   0  20   3   4  13   0   9   1   0   8  14   6   0  17   5   6  11   0   3   5  15   0   4   0  12  11   3   9   2   9
   0   7  19   0   0   7   7  14  18  18   3  10   1   6   7   2   0  15  18   6   0   0   6   0   5   0  18  16   0   4   0   1   0   3  18   0  14   8   0  11  16   5   3  19   0  19   0   9  13   1  13  15   0  20   4   0  18   0  20   0  15  17  16  12
   9   5   2  19   4   9  10   0   8   9  14   0  15   5   7   0  15   0  17   9  14  13   1   5   0  15  12   7   8   6   8  17   0   7   3   0  15  14   0   4   0   1   9  15   9  15   7   0  16  16  16  15  15  19   4   0   1  16   1   0   1   4   7   2
  12   0   1   8   9   1   0  11   1  14   0  14   3   3   7  11  18  11  11   5   0   0   2   0  15   0  13  10   8  17   0   6   8   0  17   0  17  13   9   1  11   4   3   4   8  16  14   1  11   5  13  14  10   7   0  10  14   5   0   3   8   0   7   6
   1  15   6   3  15  14   6   0  12   0  20  11   7  12   0   0   0   0  11  13  11  16   0  18  12  13   0   8   0  17   6   1  16   9   9  18   2  19  10   0  20   0   4   3  17   2   0   5   0   1  13   8   2   0  12   3   2   5  14   2   0   8   7  10
  18  17  11  10   0  18  19  10   0  16   0   7   7   0  10  16   8  14   1   0   4   0  20  16   7  10   8   0   8   0  20   7   1  17   5   8   5   0  18  17   0   5   0   5  16  14   0  15   2   8   6   0  20  19   4   0  12  17   3   0   7   0   2  17
  10   0  13   8  16  18   4  19  10  17  13  17  13  10  12   2   3   8   0  20   5  15   0   0   8   8   0   8   0   5  17   7   9   3  13   0   5   2  16  10   0  16  19  13   6   0  20   9  18   3   1  18   8   5  14   0   9   0   4  12   9   0  19   2
  15  13   0  11   0   0  15   9   7  14   0   0   0   5   0  12   0   0  19  10  15  10  20   4   6  17  17   0   5   0  20  15  17  11  12   0   5   5  18  14  15  13   0  20   5  15  12   2  17   0  11  14   9   6   0   2   8   8   4  14  10   3  15  17
  10  18   9   0   6  14  18   9   8   0   7  10   5  12  19   6   9  17   6   0   7   0  17   0   8   0   6  20  17  20   0   7   6   8  11   0  15  13   7   0   2   1   0  17  11   8   8   1   4  15   0   9   7   1   0   1   0   9   6   0   6  19   8   0
   5  10   1  14   8   4   6  11  19  16   9  15   0  15   0   2  18   4   0   9   8  18   4   1  17   6   1   7   7  15   7   0  15   2  10   0   6   0  13   4   5  17  11   6   0   2   1  16   6   0  20   3  12  11   0   3   4   8  14   0   5   0  13  15
   0   0   0  13   0  12   0   0  12   4   0  16   1   1  17  14   0  19  17   0   0  14  12   0   0   8  16   1   9  17   6  15   0   1  11   0  20  11   3   0  18   0  17   0   2   4   8   0   7   0  20   2  11   7  14   0   3   6   2  11   0  19   0   5
  12  19   7  13   7   0   2  11  16  10  17   1   0   1   6  15  11   0  14   7   9   9   3   3   7   0   9  17   3  11   8   2   1   0  14   0   7   5   0   6   8  10   0   7   1   0  12   2   0   8  11  13  11  14   0  15   0  12   0  15   6  10   0  14
   0   0   0   0  14   8   8  12   0   0  16  15   9  17  15  13  17   5   8  10   0   6   0  18   3  17   9   5  13  12  11  10  11  14   0  19   0  15   0  14   2   6   2   4   0   1   0  12   0  18  10   0   1   0  19   0  13  11   6   0   4  18  19   7
   2  12   3   8  19   9  19   0  11  17  11   1   0   0   8   0  13   0  18   6  11   0  20   0   0   0  18   8   0   0   0   0   0   0  19   0   4  11   7   0   6   0  13  17   0  14   0   6   6  10  15   0  17   3   3  19   6  11   0  20  11   0  15   0
  12  16   8  14   2   0   1   1  16  10  10   7  15  13   9   2   9  14   1   5  12  14   3  14  15  17   2   5   5   5  15   6  20   7   0   4   0   7  10  17   0  19   0  16   0  19  11   5   0  12  12  10   7  10  16  19   0  12   0  11  18  17  13   0
  12  11   8   0   0   4   0   0   0   7  19  15   3  16  14   4   0   5   0  19   4   9   4   8  14  13  19   0   2   5  13   0  11   5  15  11   7   0   2   2   9   9   0   6   7  18  13  13   6  17   7   0  19  13  11  12   2   0  13  16  18   0  19   7
  15  15   2   2  20   0   2  13  16  14   6   0  13   0  18   0  20   7   6   1   3   0  13   0   0   9  10  18  16  18   7  13   3   0   0   7  10   2   0   5  14   9   0  19   0  17   9   0   9   0   3   6   6   0  19   3  16   0  17   8   0   2   0  14
   0  13  14  14  12  10   0  15  12  17   8   2   5  13   0  18   9   7  11  12  14   5   0  11   4   1   0  17  10  14   0   4   0   6  14   0  17   2   5   0   7   5   6   0   4   3  14   0  19   0   4  11   0   8   7   6   0  17   4  13   1  14   0  17
  15   0   8   0   0  17   1  13   5  11   2  13   3   5  18   7   0   5   0  11  12   5   9  16   0  11  20   0   0  15   2   5  18   8   2   6   0   9  14   7   0   8  11   3  16   0  15   0   2  17  19   0   6   5  18  12  17   8  15   0  11  18  14   0
   0  20  17  16  13   7   2   8  11  15   0  10  15   9   7   3  12   0  17   1   5  13   1   5   1   4   0   5  16  13   1  17   0  10   6   0  19   9   9   5   8   0   2   1  18   0  16   0  13  19   0  11  11  18   5   7   8  11   0   3   1   0   4   3
   7   0   4   2   0   0  10   0   0   1  19  14   3  18   0  14  15   9   6   0   1  15   0   3   9   3   4   0  19   0   0  11  17   0   2  13   0   0   0   6  11   2   0  11   0   3  11   5   0   7   4  11   6   0   1   0   1  17   0  19   0  18   0  10
  12   8  17   2   2   8  11  18  18  14   0   0   2   3  10   3   0   7  19   5  19  18   8  19  15   4   3   5  13  20  17   6   0   7   4  17  16   6  19   0   3   1  11   0  11   0   8  15  15  14   4  12   0   7   0   8   2   0  17  17  14  18   7   0
   4  19   6   0  10   0  18   4   7   0  10  12  14   0  12   0   2   8   0   1   0  12  14   0   9   8  17  16   6   5  11   0   2   1   0   0   0   7   0   4  16  18   0  11   0  18  10   0  16  14   0   5   7   0  15  15  14   0   1   5   0  17   0   3
  12   4   2  17   0   6   0   0   0   2   0  17   0   5   0   1  18   0  10   0   5  19   6  19  15  16   2  14   0  15   8   2   4   0   1  14  19  18  17   3   0   0   3   0  18   0  18   2   7  11  14   2  10  11   3  16   8   0  13   3   5  19   0  13
   0   0  15   0   4  18   2  17  17   4   3   4   2   1   7  12   4  10   2   4   7   0   0   0   7  14   0   0  20  12   8   1   8  12   0   0  11  13   9  14  15  16  11   8  10  18   0  17  16  19  16   4   4  10   1  14  17   5   0   8  11  18   4   5
  19   6  18   1  16   0  14   7   0  13   0   0  13   0  10  18   3   3   0   2   4  17  17   9   0   1   5  15   9   2   1  16   0   2  12   6   5  13   0   0   0   0   5  15   0   2  17   0  16   0  18  16  13  10   0   2  18  12   9   4   0  20  10  12
   8   0  16   3   7  12  14  17   7  12   9  17  17   6   5   0  11  17  13  11   3   0   5  13  16  11   0   2  18  17   4   6   7   0   0   6   0   6   9  19   2  13   0  15  16   7  16  16   0   2  17   0   5   0  11  19  13   9  19   0   8   1   3  12
  15  16   1   0   0   0   3   0   6  18   9  10  19  16   5  20  16   0   0   2   8  12   6   1  16   5   1   8   3   0  15   0   0   8  18  10  12  17   0   0  17  19   7  14  14  11  19   0   2   0  17  14   0   4   0   1   0  18   2  16  12  14  14  10
   0   0   0   7  15   9   0   9   0   3  16  17   6   8  11   2   9   7   1   0   8   2  11  13  16  13  13   6   1  11   0  20  20  11  10  15  12   7   3   4  19   0   4   4   0  14  16  18  17  17   0  14   0  17   8   0  12   0   5   1   9   3  11   4
   6   9  18  10   2   0  18   5  15  19   0   6  17  11   9   4   7   0  13  18  19   0   0  15  15  14   8   0  18  14   9   3   2  13   0   0  10   0   6  11   0  11  11  12   5   2   4  16   0  14  14   0  19   8   5   1   8  12   0   1   0   9   4  17
   0  11   0   7   0  20   0   0  14   8  12   6  12  19  16   6  12  11   9  19   0   1   3   0  15  10   2  20   8   9   7  12  11  11   1  17   7  19   6   0   6  11   6   0   7  10   4  13   5   0   0  19   0   9  14  13   0  15   0   6  12  10  11  10
   7   4   6   9  15   8   9  18   0  18  10   9   9   5  16   0  12   0   2  14  15  12   5  20  19   7   0  19   5   6   1  11   7  14   0   3  10  13   0   8   5  18   0   7   0  11  10  10   0   4  17   8   9   0  14   2  13   0   3   0  12   0   7  19
   2  17   6  16  10   0   6  16  12  15  13   0   9   2  14  11   0  16   4   1   0   5  15   4   4   0  12   4  14   0   0   0  14   0  19   3  16  11  19   7  18   5   1   0  15   3   1   0  11   0   8   5  14  14   0  16   7   2  14   7   1  16   0   8
  10   0   6   2  13  14  13   0   3   6   0  20   4   0   0   9   3  18  18  12  10   7   0   0   0  10   3   0   0   2   1   3   0  15   0  19  19  12   3   6  12   7   0   8  15  16  14   2  19   1   0   1  13   2  16   0  15   0   9  18  11  15   4   0
   4  15   0   0   0  12   0   6   3   0  12   1  14  11  16   6  16   0  10   0  12  13   4  18   1  14   2  12   9   8   0   4   3   0  13   6   0   2  16   0  17   8   1   2  14   8  17  18  13   0  12   8   0  13   7  15   0  18   8   8  18   1  19   0
  16  11  17  12  19  13  15   0   9  17   0  12  18   9   1   0   0   8   8  10   1   7   0   0  16   5   5  17   0   8   9   8   6  12  11  11  12   0   0  17   8  11  17   0   0   0   5  12   9  18   0  12  15   0   2   0  18   0  17   8  15  18   0   7
   3   0   9   0   0   0  11  20   0   5  14   3   5   0   0  14   2   6   0   8  10  16  12  20   1   0  14   3   4   4   6  14   2   0   6   0   0  13  17   4  15   0   0  17   1  13   0   9  19   2   5   0   0   3  14   9   8  17   0  15  15   0   9   0
   1  14   0   7  11  15   9   0   2   0   0   0   0  19   6  15  17   2  13   0   2   0  11   0   0   3   2   0  12  14   0   0  11  15   0  20  11  16   8  13   0   3  19  17   5   3   8   4   0  16   1   1   6   0   7  18   8   8  15   0  19   9  18   0
   7  11  16   5   0   0   0  18   9  10   3   3   5   0  17   6   3  17  18  10   0  16   3  15   1   8   0   7   9  10   6   5   0   6   4  11  18  18   0   1  11   1   0  14   0   5  11   0   8  12   9   0  12  12   1  11  18  15  15  19   0  13   0   7
   5   1   2   8  18   4   9   0   5   0  18   0  12  14  17   6  16   0   2   5  12   0   9  17   4   0   8   0   0   3  19   0  19  10  18   0  17   0   2  14  18   0  18  18  17  19  18  20   1  14   3   9  10   0  16  15   1  18   0   9  13   0  15  12
   3  10   6   0  11  16  16  15  16   3  15  12   3   0   7   9   5   4   7   2   0   6   2  16   7   7   7   2  19  15   8  13   0   0  19  15  13  19   0   0  14   4   0   7   0   0   4  10   3  14  11   4  11   7   0   4  19   0   9  18   0  15   0  15
  15  14  13  12   0   0   0  17   0   5   4   0  14  19  17   2  16   0   1   2  20  11   9  12   2   6  10  17   2  17   0  15   5  14   7   0   0   7  14  17   0   3  10   0   3  13   5  12  12  10   4  17  10  19   8   0   0   7   0   0   7  12  15   0

The min weight is 70
Edge 2 0 - weight 1
Edge 8 0 - weight 1
Edge 11 2 - weight 1
Edge 26 0 - weight 1
Edge 22 2 - weight 1
Edge 4 22 - weight 1
Edge 25 2 - weight 1
Edge 5 25 - weight 1
Edge 31 2 - weight 1
Edge 20 11 - weight 1
Edge 7 20 - weight 1
Edge 24 22 - weight 1
Edge 23 31 - weight 1
Edge 12 23 - weight 1
Edge 36 7 - weight 1
Edge 6 36 - weight 1
Edge 1 6 - weight 1
Edge 18 36 - weight 1
Edge 27 18 - weight 1
Edge 40 6 - weight 1
Edge 33 11 - weight 1
Edge 13 33 - weight 1
Edge 19 13 - weight 1
Edge 3 19 - weight 1
Edge 47 3 - weight 1
Edge 30 47 - weight 1
Edge 35 11 - weight 1
Edge 32 12 - weight 1
Edge 46 13 - weight 1
Edge 38 19 - weight 1
Edge 41 19 - weight 1
Edge 44 19 - weight 1
Edge 42 20 - weight 1
Edge 9 42 - weight 1
Edge 39 25 - weight 1
Edge 43 41 - weight 1
Edge 59 0 - weight 1
Edge 61 1 - weight 1
Edge 49 2 - weight 1
Edge 56 11 - weight 1
Edge 50 18 - weight 1
Edge 28 50 - weight 1
Edge 63 18 - weight 1
Edge 54 19 - weight 1
Edge 57 20 - weight 1
Edge 14 57 - weight 1
Edge 58 24 - weight 1
Edge 60 24 - weight 1
Edge 53 30 - weight 1
Edge 55 30 - weight 1
Edge 51 55 - weight 1
Edge 48 61 - weight 1
Edge 15 22 - weight 2
Edge 45 15 - weight 1
Edge 34 45 - weight 1
Edge 52 34 - weight 1
Edge 21 52 - weight 1
Edge 10 40 - weight 2
Edge 16 4 - weight 2
Edge 17 15 - weight 2
Edge 29 47 - weight 2
Edge 37 28 - weight 2
Edge 62 19 - weight 2

Processors: 4
Vertices: 64
Execution Time: 0.03999451 s
Total Weight: 70
------------------------------------------------
Created Matrix for 8 ranks:
   0  20   1  11   4   0   9   7   1   6   0  18  12   0   3   3   7   5   0  18  11  18   4   0   9  12   1  18  10  15  10   5   0  12   0   2  12  12  15   0  15   0   7  12   4  12   0  19   8  15   0   6   0   7   2  10   4  16   3   1   7   5   3  15
  20   0   2   3   0  18   1  16  11   2  12   0  12   0  14  18   4  13   0  16   0  11   9   7   5   0  15  17   0  13  18  10   0  19   0  12  16  11  15  13   0  20   0   8  19   4   0   6   0  16   0   9  11   4  17   0  15  11   0  14  11   1  10  14
   1   2   0  12   0  11   0   4   0  15   0   1  13   5   0  19   0   5  16   5   5   0   1  19   2   1   6  11  13   0   9   1   0   7   0   3   8   8   2  14   8  17   4  17   6   2  15  18  16   1   0  18   0   6   6   6   0  17   9   0  16   2   6  13
  11   3  12   0  12   3   7   4   2  19   0   2  12   0  11   3   0  19  15   1  15   7  10   0  19   8   3  10   8  11   0  14  13  13   0   8  14   0   2  14   0  16   2   2   0  17   0   1   3   0   7  10   7   9  16   2   0  12   0   7   5   8   0  12
   4   0   0  12   0  15  16  18  11   8   8   4   0   5  16   0   2  16  19   0  17   0   1   0   4   9  15   0  16   0   6   8   0   7  14  19   2   0  20  12   0  13   0   2  10   0   4  16   7   0  15   2   0  15  10  13   0  19   0  11   0  18  11   0
   0  18  11   3  15   0   7   0  12  14   9  15   0   7   0  16   0   9  18  15  16  18   0   7   9   1  14  18  18   0  14   4  12   0   8   9   0   4   0  10  17   7   0   8   0   6  18   0  12   0   9   0  20   8   0  14  12  13   0  15   0   4  16   0
   9   1   0   7  16   7   0  17  17  19  14  14   7   5  13   3  10  12  14  11  11  11  13   7  10   0   6  19   4  15  18   6   0   2   8  19   1   0   2   0   1   2  10  11  18   0   2  14  14   3   0  18   0   9   6  13   0  15  11   9   0   9  16   0
   7  16   4   4  18   0  17   0   7   6   0  15   0  11   6  18   3   0  17   0   1   3   0  14   0  11   0  10  19   9   9  11   0  11  12   0   1   0  13  15  13   8   0  18   4   0  17   7  17   0   9   5   0  18  16   0   6   0  20   0  18   0  15  17
   1  11   0   2  11  12  17   7   0  13  13  12   6   5  10   9   3   0   5   7   4   4  11  18   8   1  12   0  10   7   8  19  12  16   0  11  16   0  16  12   5  11   0  18   7   0  17   0   7   6   0  15  14   0  12   3   3   9   0   2   9   5  16   0
   6   2  15  19   8  14  19   6  13   0  15   0  14   4   4  15   0   3   3  19   0  17   0  18   9  14   0  16  17  14   0  16   4  10   0  17  10   7  14  17  11  15   1  14   0   2   4  13  12  18   3  19   8  18  15   6   0  17   5   0  10   0   3   5
   0  12   0   0   8   9  14   0  13  15   0   8  19  16   9   0  11   3   0  14  17  15   4   3  14   0  20   0  13   0   7   9   0  17  16  11  10  19   6   8   2   0  19   0  10   0   3   0   9   9  16   0  12  10  13   0  12   0  14   0   3  18  15   4
  18   0   1   2   4  15  14  15  12   0   8   0  20   6  19   3   0  13  18   0   1  19   4  10   0  14  11   7  17   0  10  15  16   1  15   1   7  15   0   2  13  10  14   0  12  17   4   0  17  10  17   6   6   9   0  20   1  12   3   0   3   0  12   0
  12  12  13  12   0   0   7   0   6  14  19  20   0   9   0   5  11   0   7   4   7   0  15   1  15   3   7   7  13   0   5   0   1   0   9   0  15   3  13   5   3  15   3   2  14   0   2  13  17  19   6  17  12   9   9   4  14  18   5   0   5  12   3  14
   0   0   5   0   5   7   5  11   5   4  16   6   9   0  11  15   0  18  17   1   0   3   0   6   5   3  12   0  10   5  12  15   1   1  17   0  13  16   0  13   5   9  18   3   0   5   1   0   6  16   8  11  19   5   2   0  11   9   0  19   0  14   0  19
   3  14   0  11  16   0  13   6  10   4   9  19   0  11   0  13   9  16   3   0   7   3  12   7   7   7   0  10  12   0  19   0  17   6  15   8   9  14  18   0  18   7   0  10  12   0   7  10   5   5  11   9  16  16  14   0  16   1   0   6  17  17   7  17
   3  18  19   3   0  16   3  18   9  15   0   3   5  15  13   0  19   2   4   6  16   0   2   2   0  11   0  16   2  12   6   2  14  15  13   0   2   4   0  18   7   3  14   3   0   1  12  18   0  20   2   4   6   0  11   9   6   0  14  15   6   6   9   2
   7   4   0   0   2   0  10   3   3   0  11   0  11   0   9  19   0  18   7  13   8   0  16   0  15  18   0   8   3   0   9  18   0  11  17  13   9   0  20   9   0  12  15   0   2  18   4   3  11  16   9   7  12  12   0   3  16   0   2  17   3  16   5  16
   5  13   5  19  16   9  12   0   0   3   3  13   0  18  16   2  18   0   9  19   0   5   3  15   0  11   0  14   8   0  17   4  19   0   5   0  14   5   7   7   5   0   9   7   8   0  10   3  17   0   7   0  11   0  16  18   0   8   6   2  17   0   4   0
   0   0  16  15  19  18  14  17   5   3   0  18   7  17   3   4   7   9   0  12  12  12  11  18  17  11  11   1   0  19   6   0  17  14   8  18   1   0   6  11   0  17   6  19   0  10   2   0  13   0   1  13   9   2   4  18  10   8   0  13  18   2   7   1
  18  16   5   1   0  15  11   0   7  19  14   0   4   1   0   6  13  19  12   0  19   2  17   6   9   5  13   0  20  10   0   9   0   7  10   6   5  19   1  12  11   1   0   5   1   0   4   2  11   2   0  18  19  14   1  12   0  10   8   0  10   5   2   2
  11   0   5  15  17  16  11   1   4   0  17   1   7   0   7  16   8   0  12  19   0   9  13   0  14   0  11   4   5  15   7   8   0   9   0  11  12   4   3  14  12   5   1  19   0   5   7   4   3   8   8  19   0  15   0  10  12   1  10   2   0  12   0  20
  18  11   0   7   0  18  11   3   4  17  15  19   0   3   3   0   0   5  12   2   9   0  10   0  13   0  16   0  15  10   0  18  14   9   6   0  14   9   0   5   5  13  15  18  12  19   0  17   0  12   2   0   1  12   5   7  13   7  16   0  16   0   6  11
   4   9   1  10   1   0  13   0  11   0   4   4  15   0  12   2  16   3  11  17  13  10   0   6   1   2   0  20   0  20  17   4  12   3   0  20   3   4  13   0   9   1   0   8  14   6   0  17   5   6  11   0   3   5  15   0   4   0  12  11   3   9   2   9
   0   7  19   0   0   7   7  14  18  18   3  10   1   6   7   2   0  15  18   6   0   0   6   0   5   0  18  16   0   4   0   1   0   3  18   0  14   8   0  11  16   5   3  19   0  19   0   9  13   1  13  15   0  20   4   0  18   0  20   0  15  17  16  12
   9   5   2  19   4   9  10   0   8   9  14   0  15   5   7   0  15   0  17   9  14  13   1   5   0  15  12   7   8   6   8  17   0   7   3   0  15  14   0   4   0   1   9  15   9  15   7   0  16  16  16  15  15  19   4   0   1  16   1   0   1   4   7   2
  12   0   1   8   9   1   0  11   1  14   0  14   3   3   7  11  18  11  11   5   0   0   2   0  15   0  13  10   8  17   0   6   8   0  17   0  17  13   9   1  11   4   3   4   8  16  14   1  11   5  13  14  10   7   0  10  14   5   0   3   8   0   7   6
   1  15   6   3  15  14   6   0  12   0  20  11   7  12   0   0   0   0  11  13  11  16   0  18  12  13   0   8   0  17   6   1  16   9   9  18   2  19  10   0  20   0   4   3  17   2   0   5   0   1  13   8   2   0  12   3   2   5  14   2   0   8   7  10
  18  17  11  10   0  18  19  10   0  16   0   7   7   0  10  16   8  14   1   0   4   0  20  16   7  10   8   0   8   0  20   7   1  17   5   8   5   0  18  17   0   5   0   5  16  14   0  15   2   8   6   0  20  19   4   0  12  17   3   0   7   0   2  17
  10   0  13   8  16  18   4  19  10  17  13  17  13  10  12   2   3   8   0  20   5  15   0   0   8   8   0   8   0   5  17   7   9   3  13   0   5   2  16  10   0  16  19  13   6   0  20   9  18   3   1  18   8   5  14   0   9   0   4  12   9   0  19   2
  15  13   0  11   0   0  15   9   7  14   0   0   0   5   0  12   0   0  19  10  15  10  20   4   6  17  17   0   5   0  20  15  17  11  12   0   5   5  18  14  15  13   0  20   5  15  12   2  17   0  11  14   9   6   0   2   8   8   4  14  10   3  15  17
  10  18   9   0   6  14  18   9   8   0   7  10   5  12  19   6   9  17   6   0   7   0  17   0   8   0   6  20  17  20   0   7   6   8  11   0  15  13   7   0   2   1   0  17  11   8   8   1   4  15   0   9   7   1   0   1   0   9   6   0   6  19   8   0
   5  10   1  14   8   4   6  11  19  16   9  15   0  15   0   2  18   4   0   9   8  18   4   1  17   6   1   7   7  15   7   0  15   2  10   0   6   0  13   4   5  17  11   6   0   2   1  16   6   0  20   3  12  11   0   3   4   8  14   0   5   0  13  15
   0   0   0  13   0  12   0   0  12   4   0  16   1   1  17  14   0  19  17   0   0  14  12   0   0   8  16   1   9  17   6  15   0   1  11   0  20  11   3   0  18   0  17   0   2   4   8   0   7   0  20   2  11   7  14   0   3   6   2  11   0  19   0   5
  12  19   7  13   7   0   2  11  16  10  17   1   0   1   6  15  11   0  14   7   9   9   3   3   7   0   9  17   3  11   8   2   1   0  14   0   7   5   0   6   8  10   0   7   1   0  12   2   0   8  11  13  11  14   0  15   0  12   0  15   6  10   0  14
   0   0   0   0  14   8   8  12   0   0  16  15   9  17  15  13  17   5   8  10   0   6   0  18   3  17   9   5  13  12  11  10  11  14   0  19   0  15   0  14   2   6   2   4   0   1   0  12   0  18  10   0   1   0  19   0  13  11   6   0   4  18  19   7
   2  12   3   8  19   9  19   0  11  17  11   1   0   0   8   0  13   0  18   6  11   0  20   0   0   0  18   8   0   0   0   0   0   0  19   0   4  11   7   0   6   0  13  17   0  14   0   6   6  10  15   0  17   3   3  19   6  11   0  20  11   0  15   0
  12  16   8  14   2   0   1   1  16  10  10   7  15  13   9   2   9  14   1   5  12  14   3  14  15  17   2   5   5   5  15   6  20   7   0   4   0   7  10  17   0  19   0  16   0  19  11   5   0  12  12  10   7  10  16  19   0  12   0  11  18  17  13   0
  12  11   8   0   0   4   0   0   0   7  19  15   3  16  14   4   0   5   0  19   4   9   4   8  14  13  19   0   2   5  13   0  11   5  15  11   7   0   2   2   9   9   0   6   7  18  13  13   6  17   7   0  19  13  11  12   2   0  13  16  18   0  19   7
  15  15   2   2  20   0   2  13  16  14   6   0  13   0  18   0  20   7   6   1   3   0  13   0   0   9  10  18  16  18   7  13   3   0   0   7  10   2   0   5  14   9   0  19   0  17   9   0   9   0   3   6   6   0  19   3  16   0  17   8   0   2   0  14
   0  13  14  14  12  10   0  15  12  17   8   2   5  13   0  18   9   7  11  12  14   5   0  11   4   1   0  17  10  14   0   4   0   6  14   0  17   2   5   0   7   5   6   0   4   3  14   0  19   0   4  11   0   8   7   6   0  17   4  13   1  14   0  17
  15   0   8   0   0  17   1  13   5  11   2  13   3   5  18   7   0   5   0  11  12   5   9  16   0  11  20   0   0  15   2   5  18   8   2   6   0   9  14   7   0   8  11   3  16   0  15   0   2  17  19   0   6   5  18  12  17   8  15   0  11  18  14   0
   0  20  17  16  13   7   2   8  11  15   0  10  15   9   7   3  12   0  17   1   5  13   1   5   1   4   0   5  16  13   1  17   0  10   6   0  19   9   9   5   8   0   2   1  18   0  16   0  13  19   0  11  11  18   5   7   8  11   0   3   1   0   4   3
   7   0   4   2   0   0  10   0   0   1  19  14   3  18   0  14  15   9   6   0   1  15   0   3   9   3   4   0  19   0   0  11  17   0   2  13   0   0   0   6  11   2   0  11   0   3  11   5   0   7   4  11   6   0   1   0   1  17   0  19   0  18   0  10
  12   8  17   2   2   8  11  18  18  14   0   0   2   3  10   3   0   7  19   5  19  18   8  19  15   4   3   5  13  20  17   6   0   7   4  17  16   6  19   0   3   1  11   0  11   0   8  15  15  14   4  12   0   7   0   8   2   0  17  17  14  18   7   0
   4  19   6   0  10   0  18   4   7   0  10  12  14   0  12   0   2   8   0   1   0  12  14   0   9   8  17  16   6   5  11   0   2   1   0   0   0   7   0   4  16  18   0  11   0  18  10   0  16  14   0   5   7   0  15  15  14   0   1   5   0  17   0   3
  12   4   2  17   0   6   0   0   0   2   0  17   0   5   0   1  18   0  10   0   5  19   6  19  15  16   2  14   0  15   8   2   4   0   1  14  19  18  17   3   0   0   3   0  18   0  18   2   7  11  14   2  10  11   3  16   8   0  13   3   5  19   0  13
   0   0  15   0   4  18   2  17  17   4   3   4   2   1   7  12   4  10   2   4   7   0   0   0   7  14   0   0  20  12   8   1   8  12   0   0  11  13   9  14  15  16  11   8  10  18   0  17  16  19  16   4   4  10   1  14  17   5   0   8  11  18   4   5
  19   6  18   1  16   0  14   7   0  13   0   0  13   0  10  18   3   3   0   2   4  17  17   9   0   1   5  15   9   2   1  16   0   2  12   6   5  13   0   0   0   0   5  15   0   2  17   0  16   0  18  16  13  10   0   2  18  12   9   4   0  20  10  12
   8   0  16   3   7  12  14  17   7  12   9  17  17   6   5   0  11  17  13  11   3   0   5  13  16  11   0   2  18  17   4   6   7   0   0   6   0   6   9  19   2  13   0  15  16   7  16  16   0   2  17   0   5   0  11  19  13   9  19   0   8   1   3  12
  15  16   1   0   0   0   3   0   6  18   9  10  19  16   5  20  16   0   0   2   8  12   6   1  16   5   1   8   3   0  15   0   0   8  18  10  12  17   0   0  17  19   7  14  14  11  19   0   2   0  17  14   0   4   0   1   0  18   2  16  12  14  14  10
   0   0   0   7  15   9   0   9   0   3  16  17   6   8  11   2   9   7   1   0   8   2  11  13  16  13  13   6   1  11   0  20  20  11  10  15  12   7   3   4  19   0   4   4   0  14  16  18  17  17   0  14   0  17   8   0  12   0   5   1   9   3  11   4
   6   9  18  10   2   0  18   5  15  19   0   6  17  11   9   4   7   0  13  18  19   0   0  15  15  14   8   0  18  14   9   3   2  13   0   0  10   0   6  11   0  11  11  12   5   2   4  16   0  14  14   0  19   8   5   1   8  12   0   1   0   9   4  17
   0  11   0   7   0  20   0   0  14   8  12   6  12  19  16   6  12  11   9  19   0   1   3   0  15  10   2  20   8   9   7  12  11  11   1  17   7  19   6   0   6  11   6   0   7  10   4  13   5   0   0  19   0   9  14  13   0  15   0   6  12  10  11  10
   7   4   6   9  15   8   9  18   0  18  10   9   9   5  16   0  12   0   2  14  15  12   5  20  19   7   0  19   5   6   1  11   7  14   0   3  10  13   0   8   5  18   0   7   0  11  10  10   0   4  17   8   9   0  14   2  13   0   3   0  12   0   7  19
   2  17   6  16  10   0   6  16  12  15  13   0   9   2  14  11   0  16   4   1   0   5  15   4   4   0  12   4  14   0   0   0  14   0  19   3  16  11  19   7  18   5   1   0  15   3   1   0  11   0   8   5  14  14   0  16   7   2  14   7   1  16   0   8
  10   0   6   2  13  14  13   0   3   6   0  20   4   0   0   9   3  18  18  12  10   7   0   0   0  10   3   0   0   2   1   3   0  15   0  19  19  12   3   6  12   7   0   8  15  16  14   2  19   1   0   1  13   2  16   0  15   0   9  18  11  15   4   0
   4  15   0   0   0  12   0   6   3   0  12   1  14  11  16   6  16   0  10   0  12  13   4  18   1  14   2  12   9   8   0   4   3   0  13   6   0   2  16   0  17   8   1   2  14   8  17  18  13   0  12   8   0  13   7  15   0  18   8   8  18   1  19   0
  16  11  17  12  19  13  15   0   9  17   0  12  18   9   1   0   0   8   8  10   1   7   0   0  16   5   5  17   0   8   9   8   6  12  11  11  12   0   0  17   8  11  17   0   0   0   5  12   9  18   0  12  15   0   2   0  18   0  17   8  15  18   0   7
   3   0   9   0   0   0  11  20   0   5  14   3   5   0   0  14   2   6   0   8  10  16  12  20   1   0  14   3   4   4   6  14   2   0   6   0   0  13  17   4  15   0   0  17   1  13   0   9  19   2   5   0   0   3  14   9   8  17   0  15  15   0   9   0
   1  14   0   7  11  15   9   0   2   0   0   0   0  19   6  15  17   2  13   0   2   0  11   0   0   3   2   0  12  14   0   0  11  15   0  20  11  16   8  13   0   3  19  17   5   3   8   4   0  16   1   1   6   0   7  18   8   8  15   0  19   9  18   0
   7  11  16   5   0   0   0  18   9  10   3   3   5   0  17   6   3  17  18  10   0  16   3  15   1   8   0   7   9  10   6   5   0   6   4  11  18  18   0   1  11   1   0  14   0   5  11   0   8  12   9   0  12  12   1  11  18  15  15  19   0  13   0   7
   5   1   2   8  18   4   9   0   5   0  18   0  12  14  17   6  16   0   2   5  12   0   9  17   4   0   8   0   0   3  19   0  19  10  18   0  17   0   2  14  18   0  18  18  17  19  18  20   1  14   3   9  10   0  16  15   1  18   0   9  13   0  15  12
   3  10   6   0  11  16  16  15  16   3  15  12   3   0   7   9   5   4   7   2   0   6   2  16   7   7   7   2  19  15   8  13   0   0  19  15  13  19   0   0  14   4   0   7   0   0   4  10   3  14  11   4  11   7   0   4  19   0   9  18   0  15   0  15
  15  14  13  12   0   0   0  17   0   5   4   0  14  19  17   2  16   0   1   2  20  11   9  12   2   6  10  17   2  17   0  15   5  14   7   0   0   7  14  17   0   3  10   0   3  13   5  12  12  10   4  17  10  19   8   0   0   7   0   0   7  12  15   0

The min weight is 70
Edge 2 0 - weight 1
Edge 8 0 - weight 1
Edge 11 2 - weight 1
Edge 22 2 - weight 1
Edge 4 22 - weight 1
Edge 20 11 - weight 1
Edge 7 20 - weight 1
Edge 26 0 - weight 1
Edge 25 2 - weight 1
Edge 5 25 - weight 1
Edge 31 2 - weight 1
Edge 23 31 - weight 1
Edge 12 23 - weight 1
Edge 24 22 - weight 1
Edge 36 7 - weight 1
Edge 6 36 - weight 1
Edge 1 6 - weight 1
Edge 18 36 - weight 1
Edge 27 18 - weight 1
Edge 33 11 - weight 1
Edge 13 33 - weight 1
Edge 19 13 - weight 1
Edge 3 19 - weight 1
Edge 35 11 - weight 1
Edge 32 12 - weight 1
Edge 38 19 - weight 1
Edge 39 25 - weight 1
Edge 47 3 - weight 1
Edge 30 47 - weight 1
Edge 40 6 - weight 1
Edge 46 13 - weight 1
Edge 41 19 - weight 1
Edge 44 19 - weight 1
Edge 42 20 - weight 1
Edge 9 42 - weight 1
Edge 43 41 - weight 1
Edge 49 2 - weight 1
Edge 50 18 - weight 1
Edge 28 50 - weight 1
Edge 54 19 - weight 1
Edge 53 30 - weight 1
Edge 55 30 - weight 1
Edge 51 55 - weight 1
Edge 59 0 - weight 1
Edge 61 1 - weight 1
Edge 48 61 - weight 1
Edge 56 11 - weight 1
Edge 63 18 - weight 1
Edge 57 20 - weight 1
Edge 14 57 - weight 1
Edge 58 24 - weight 1
Edge 60 24 - weight 1
Edge 15 22 - weight 2
Edge 45 15 - weight 1
Edge 34 45 - weight 1
Edge 52 34 - weight 1
Edge 21 52 - weight 1
Edge 10 40 - weight 2
Edge 16 4 - weight 2
Edge 17 15 - weight 2
Edge 29 47 - weight 2
Edge 37 28 - weight 2
Edge 62 19 - weight 2

Processors: 8
Vertices: 64
Execution Time: 0.04470132 s
Total Weight: 70
