------------------------------------------------
Created Matrix for 4 ranks:
   0  20   1  11   4   0   9   7   1   6   0  18  12   0   3   3   7   5   0  18  11  18   4   0   9  12   1  18  10  15  10   5
  20   0  12  12   0   2  12  12  15   0  15   0   7  12   4  12   0  19   8  15   0   6   0   7   2  10   4  16   3   1   7   5
   1  12   0   4  11   3   3   0  18   1  16  11   2  12   0  12   0  14  18   4  13   0  16   0  11   9   7   5   0  15  17   0
  11  12   4   0  13  18  10   0  19   0  12  16  11  15  13   0  20   0   8  19   4   0   6   0  16   0   9  11   4  17   0  15
   4   0  11  13   0  12  13  16  11   1  10  14  11  16   0   4   0  15   0   1  13   5   0  19   0   5  16   5   5   0   1  19
   0   2   3  18  12   0   3  10   5   5  10   0   1   8   0  13   6  16   8   8   2  14   8  17   4  17   6   2  15  18  16   1
   9  12   3  10  13   3   0   1  17   0   6   6   6   0  17   9   0  16   2   6  13  11   3   0   3   2  19   0   2  12   0  11
   7  12   0   0  16  10   1   0   4   0  17  18  18  13   6   7   2  12   8   3  10   8  11   0  14  13  13   0   8  14   0   2
   1  15  18  19  11   5  17   4   0  15   2   0   3   1   0  13   0   4   0  14   0   7  10   7   9  16   2   0  12   0   7   5
   6   0   1   0   1   5   0   0  15   0   9   3   0  15  16  18  11   8   8   4   0   5  16   0   2  16  19   0  17   0   1   0
   0  15  16  12  10  10   6  17   2   9   0   4   9  15   0  16   0   6   8   0   7  14  19   2   0  20  12   0  13   0   2  10
  18   0  11  16  14   0   6  18   0   3   4   0   9   0  17   5   1  16   2   0  15  10  13   0  19   0  11   0  18  11   0   7
  12   7   2  11  11   1   6  18   3   0   9   9   0  16   8  14   9  15   0   7   0  16   0   9  18  15  16  18   0   7   9   1
   0  12  12  15  16   8   0  13   1  15  15   0  16   0  15  15   3   5   4   4  12   0   8   9   0   4   0  10  17   7   0   8
   3   4   0  13   0   0  17   6   0  16   0  17   8  15   0   4  16  18   0  12   0   9   0  20   8   0  14  12  13   0  15   0
   3  12  12   0   4  13   9   7  13  18  16   5  14  15   4   0   4  16   0  17  17  19  14  14   7   5  13   3  10  12  14  11
   7   0   0  20   0   6   0   2   0  11   0   1   9   3  16   4   0  12  14  10   7  11  18  16  19   4  15  18   6   0   2   8
   5  19  14   0  15  16  16  12   4   8   6  16  15   5  18  16  12   0  20  11  10   4   0   1   2  10  11  18   0   2  14  14
   0   8  18   8   0   8   2   8   0   8   8   2   0   4   0   0  14  20   0   4  17  16   0   9   6  13   0  15  11   9   0   9
  18  15   4  19   1   8   6   3  14   4   0   0   7   4  12  17  10  11   4   0  17   5   4   6   0  15   0  11   6  18   3   0
  11   0  13   4  13   2  13  10   0   0   7  15   0  12   0  17   7  10  17  17   0  17   0   1   3   0  14   0  11   0  10  19
  18   6   0   0   5  14  11   8   7   5  14  10  16   0   9  19  11   4  16   5  17   0  10  18  11  11   0  13  15   0  16   0
   4   0  16   6   0   8   3  11  10  16  19  13   0   8   0  14  18   0   0   4   0  10   0  16  15   0   7   0  18   4   0  17
   0   7   0   0  19  17   0   0   7   0   2   0   9   9  20  14  16   1   9   6   1  18  16   0   8   2  18   0   6   0   1   0
   9   2  11  16   0   4   3  14   9   2   0  19  18   0   8   7  19   2   6   0   3  11  15   8   0  14   0   6   0  20   0  18
  12  10   9   0   5  17   2  13  16  16  20   0  15   4   0   5   4  10  13  15   0  11   0   2  14   0  13   8  17  12   0   8
   1   4   7   9  16   6  19  13   2  19  12  11  16   0  14  13  15  11   0   0  14   0   7  18   0  13   0   7   2   7  10   2
  18  16   5  11   5   2   0   0   0   0   0   0  18  10  12   3  18  18  15  11   0  13   0   0   6   8   7   0   8   0   5   7
  10   3   0   4   5  15   2   8  12  17  13  18   0  17  13  10   6   0  11   6  11  15  18   6   0  17   2   8   0   5   0   7
  15   1  15  17   0  18  12  14   0   0   0  11   7   7   0  12   0   2   9  18   0   0   4   0  20  12   7   0   5   0  12   2
  10   7  17   0   1  16   0   0   7   1   2   0   9   0  15  14   2  14   0   3  10  16   0   1   0   0  10   5   0  12   0  20
   5   5   0  15  19   1  11   2   5   0  10   7   1   8   0  11   8  14   9   0  19   0  17   0  18   8   2   7   7   2  20   0

The min weight is 53
Edge 2 0 - weight 1
Edge 8 0 - weight 1
Edge 9 2 - weight 1
Edge 4 9 - weight 1
Edge 13 8 - weight 1
Edge 19 4 - weight 1
Edge 26 0 - weight 1
Edge 30 4 - weight 1
Edge 23 30 - weight 1
Edge 17 23 - weight 1
Edge 20 23 - weight 1
Edge 5 20 - weight 2
Edge 12 5 - weight 1
Edge 31 5 - weight 1
Edge 1 5 - weight 2
Edge 29 1 - weight 1
Edge 7 31 - weight 2
Edge 6 7 - weight 1
Edge 10 8 - weight 2
Edge 18 6 - weight 2
Edge 11 18 - weight 2
Edge 16 11 - weight 1
Edge 24 1 - weight 2
Edge 27 5 - weight 2
Edge 25 6 - weight 2
Edge 28 6 - weight 2
Edge 14 0 - weight 3
Edge 15 0 - weight 3
Edge 22 6 - weight 3
Edge 3 2 - weight 4
Edge 21 17 - weight 4

Processors: 4
Vertices: 32
Execution Time: 0.01330964 s
Total Weight: 53
------------------------------------------------
Created Matrix for 8 ranks:
   0  20   1  11   4   0   9   7   1   6   0  18  12   0   3   3   7   5   0  18  11  18   4   0   9  12   1  18  10  15  10   5
  20   0  12  12   0   2  12  12  15   0  15   0   7  12   4  12   0  19   8  15   0   6   0   7   2  10   4  16   3   1   7   5
   1  12   0   4  11   3   3   0  18   1  16  11   2  12   0  12   0  14  18   4  13   0  16   0  11   9   7   5   0  15  17   0
  11  12   4   0  13  18  10   0  19   0  12  16  11  15  13   0  20   0   8  19   4   0   6   0  16   0   9  11   4  17   0  15
   4   0  11  13   0  12  13  16  11   1  10  14  11  16   0   4   0  15   0   1  13   5   0  19   0   5  16   5   5   0   1  19
   0   2   3  18  12   0   3  10   5   5  10   0   1   8   0  13   6  16   8   8   2  14   8  17   4  17   6   2  15  18  16   1
   9  12   3  10  13   3   0   1  17   0   6   6   6   0  17   9   0  16   2   6  13  11   3   0   3   2  19   0   2  12   0  11
   7  12   0   0  16  10   1   0   4   0  17  18  18  13   6   7   2  12   8   3  10   8  11   0  14  13  13   0   8  14   0   2
   1  15  18  19  11   5  17   4   0  15   2   0   3   1   0  13   0   4   0  14   0   7  10   7   9  16   2   0  12   0   7   5
   6   0   1   0   1   5   0   0  15   0   9   3   0  15  16  18  11   8   8   4   0   5  16   0   2  16  19   0  17   0   1   0
   0  15  16  12  10  10   6  17   2   9   0   4   9  15   0  16   0   6   8   0   7  14  19   2   0  20  12   0  13   0   2  10
  18   0  11  16  14   0   6  18   0   3   4   0   9   0  17   5   1  16   2   0  15  10  13   0  19   0  11   0  18  11   0   7
  12   7   2  11  11   1   6  18   3   0   9   9   0  16   8  14   9  15   0   7   0  16   0   9  18  15  16  18   0   7   9   1
   0  12  12  15  16   8   0  13   1  15  15   0  16   0  15  15   3   5   4   4  12   0   8   9   0   4   0  10  17   7   0   8
   3   4   0  13   0   0  17   6   0  16   0  17   8  15   0   4  16  18   0  12   0   9   0  20   8   0  14  12  13   0  15   0
   3  12  12   0   4  13   9   7  13  18  16   5  14  15   4   0   4  16   0  17  17  19  14  14   7   5  13   3  10  12  14  11
   7   0   0  20   0   6   0   2   0  11   0   1   9   3  16   4   0  12  14  10   7  11  18  16  19   4  15  18   6   0   2   8
   5  19  14   0  15  16  16  12   4   8   6  16  15   5  18  16  12   0  20  11  10   4   0   1   2  10  11  18   0   2  14  14
   0   8  18   8   0   8   2   8   0   8   8   2   0   4   0   0  14  20   0   4  17  16   0   9   6  13   0  15  11   9   0   9
  18  15   4  19   1   8   6   3  14   4   0   0   7   4  12  17  10  11   4   0  17   5   4   6   0  15   0  11   6  18   3   0
  11   0  13   4  13   2  13  10   0   0   7  15   0  12   0  17   7  10  17  17   0  17   0   1   3   0  14   0  11   0  10  19
  18   6   0   0   5  14  11   8   7   5  14  10  16   0   9  19  11   4  16   5  17   0  10  18  11  11   0  13  15   0  16   0
   4   0  16   6   0   8   3  11  10  16  19  13   0   8   0  14  18   0   0   4   0  10   0  16  15   0   7   0  18   4   0  17
   0   7   0   0  19  17   0   0   7   0   2   0   9   9  20  14  16   1   9   6   1  18  16   0   8   2  18   0   6   0   1   0
   9   2  11  16   0   4   3  14   9   2   0  19  18   0   8   7  19   2   6   0   3  11  15   8   0  14   0   6   0  20   0  18
  12  10   9   0   5  17   2  13  16  16  20   0  15   4   0   5   4  10  13  15   0  11   0   2  14   0  13   8  17  12   0   8
   1   4   7   9  16   6  19  13   2  19  12  11  16   0  14  13  15  11   0   0  14   0   7  18   0  13   0   7   2   7  10   2
  18  16   5  11   5   2   0   0   0   0   0   0  18  10  12   3  18  18  15  11   0  13   0   0   6   8   7   0   8   0   5   7
  10   3   0   4   5  15   2   8  12  17  13  18   0  17  13  10   6   0  11   6  11  15  18   6   0  17   2   8   0   5   0   7
  15   1  15  17   0  18  12  14   0   0   0  11   7   7   0  12   0   2   9  18   0   0   4   0  20  12   7   0   5   0  12   2
  10   7  17   0   1  16   0   0   7   1   2   0   9   0  15  14   2  14   0   3  10  16   0   1   0   0  10   5   0  12   0  20
   5   5   0  15  19   1  11   2   5   0  10   7   1   8   0  11   8  14   9   0  19   0  17   0  18   8   2   7   7   2  20   0

The min weight is 53
Edge 2 0 - weight 1
Edge 8 0 - weight 1
Edge 9 2 - weight 1
Edge 4 9 - weight 1
Edge 13 8 - weight 1
Edge 19 4 - weight 1
Edge 26 0 - weight 1
Edge 30 4 - weight 1
Edge 23 30 - weight 1
Edge 17 23 - weight 1
Edge 20 23 - weight 1
Edge 5 20 - weight 2
Edge 12 5 - weight 1
Edge 31 5 - weight 1
Edge 1 5 - weight 2
Edge 29 1 - weight 1
Edge 7 31 - weight 2
Edge 6 7 - weight 1
Edge 10 8 - weight 2
Edge 18 6 - weight 2
Edge 11 18 - weight 2
Edge 16 11 - weight 1
Edge 24 1 - weight 2
Edge 27 5 - weight 2
Edge 25 6 - weight 2
Edge 28 6 - weight 2
Edge 14 0 - weight 3
Edge 15 0 - weight 3
Edge 22 6 - weight 3
Edge 3 2 - weight 4
Edge 21 17 - weight 4

Processors: 8
Vertices: 32
Execution Time: 0.01939786 s
Total Weight: 53
